wandb_version: 1

learning_rate:
  value: 4.3508806014933945e-05
weight_decay:
  value: 0.07579750719200111
