wandb_version: 1

learning_rate:
  value: 0.0002721801547185117
weight_decay:
  value: 0.07849547110978933
