wandb_version: 1

learning_rate:
  value: 0.0002929604703114302
weight_decay:
  value: 0.03864195866253253
