wandb_version: 1

learning_rate:
  value: 0.0007019618436528479
weight_decay:
  value: 0.0009566998799151684
