wandb_version: 1

learning_rate:
  value: 0.001069837386680112
weight_decay:
  value: 0.006529253855261885
