wandb_version: 1

learning_rate:
  value: 0.004526129126729335
weight_decay:
  value: 0.08592631364013308
