wandb_version: 1

learning_rate:
  value: 2.3415184053491847e-05
weight_decay:
  value: 0.09879086251526094
