wandb_version: 1

learning_rate:
  value: 0.00060433588155186
weight_decay:
  value: 0.09060125012349662
