wandb_version: 1

learning_rate:
  value: 0.007069870179439371
weight_decay:
  value: 0.05663800610142479
