wandb_version: 1

learning_rate:
  value: 0.001853655492070295
weight_decay:
  value: 0.042380573511940106
